no: 0
     1.000000      0.000000      0.000000     -0.000000 
     0.000000      1.000000      0.000000      0.000000 
     0.000000      0.000000      1.000000      0.000000 

no: 1
     0.999998     -0.000241      0.001969      0.280959 
     0.000245      0.999998     -0.001948     -0.689015 
    -0.001968      0.001949      0.999996      1.148743 

no: 3
     0.999985     -0.000333      0.005557      1.644563 
     0.000333      1.000000      0.000014     -2.256413 
    -0.005557     -0.000013      0.999985      5.971527 

no: 4
     0.962371     -0.095573     -0.254378    197.965961 
     0.019659      0.958144     -0.285610    -76.278666 
     0.271027      0.269862      0.923969     85.349717 

no: 8
     0.955788     -0.089072      0.280241    169.287760 
     0.055797      0.990641      0.124566   -163.627652 
    -0.288713     -0.103422      0.951813    431.032861 

no: 10
     0.952523     -0.096410      0.288800    179.071914 
     0.066381      0.991483      0.112049   -180.860390 
    -0.297143     -0.087558      0.950810    440.575054 

no: 13
     0.969919     -0.210126      0.122897    214.366657 
     0.081437      0.755865      0.649643   -121.647758 
    -0.229400     -0.620093      0.750240    622.150329 

no: 14
     0.948377     -0.084404      0.305707    166.536359 
     0.058891      0.994039      0.091753   -221.435737 
    -0.311629     -0.069013      0.947694    408.051304 

no: 16
     0.950364     -0.092740      0.296998    158.664149 
     0.065196      0.992711      0.101362   -229.457703 
    -0.304233     -0.076968      0.949483    369.341634 

no: 17
     0.941469     -0.081697      0.327051    149.812894 
     0.062887      0.995722      0.067699   -225.914305 
    -0.331183     -0.043169      0.942579    344.097050 

no: 22
     0.910158     -0.061065      0.409736    109.620526 
     0.063215      0.997965      0.008310   -134.648599 
    -0.409410      0.018338      0.912166    252.750894 

no: 25
     0.958950     -0.136104      0.248779     23.197606 
     0.024933      0.914363      0.404126   -132.883440 
    -0.282478     -0.381334      0.880222    372.805449 

no: 26
     0.980843     -0.008113      0.194633    -38.966558 
     0.003544      0.999710      0.023811   -153.577114 
    -0.194770     -0.022665      0.980587    211.649210 

no: 31
     0.998745      0.028679      0.041055    -39.511616 
    -0.030624      0.998399      0.047561   -110.585066 
    -0.039626     -0.048759      0.998024    204.437841 

no: 36
     0.998583      0.019818      0.049385     16.846730 
    -0.027568      0.986477      0.161567    -90.577401 
    -0.045516     -0.162700      0.985625    219.879839 

no: 37
     0.997829      0.019698      0.062846     19.105689 
    -0.029638      0.986445      0.161393    -89.284134 
    -0.058815     -0.162906      0.984887    222.883160 

no: 48
     0.992633      0.008433      0.120870     32.132685 
    -0.032843      0.978953      0.201423    -58.901438 
    -0.116627     -0.203909      0.972018    284.049532 

no: 49
     0.989214      0.006407      0.146337     35.849569 
    -0.028809      0.988039      0.151487    -48.728036 
    -0.143616     -0.154069      0.977567    277.874637 

no: 53
     0.992605      0.016891      0.120208     33.811324 
    -0.022619      0.998665      0.046447    -40.744442 
    -0.119263     -0.048823      0.991662    263.081791 

no: 57
     0.991379      0.014634      0.130206     42.742460 
    -0.017656      0.999600      0.022087    -45.043461 
    -0.129831     -0.024196      0.991241    279.771965 

no: 60
     0.990627      0.010370      0.136199     52.734527 
    -0.023410      0.995251      0.094490    -54.414210 
    -0.134572     -0.096793      0.986165    307.062149 

no: 61
     0.990091      0.007960      0.140199     57.534894 
    -0.027449      0.990103      0.137632    -56.312488 
    -0.137716     -0.140116      0.980511    322.502791 

no: 62
     0.990781      0.009637      0.135130     60.611023 
    -0.028406      0.990072      0.137661    -59.253919 
    -0.132462     -0.140231      0.981218    333.147721 

no: 64
     0.987740     -0.004125      0.156051     69.930548 
    -0.029615      0.976546      0.213265    -65.821581 
    -0.153270     -0.215271      0.964451    374.809484 

no: 65
     0.986104     -0.012089      0.165688     73.913609 
    -0.029639      0.968545      0.247068    -68.767179 
    -0.163463     -0.248545      0.954728    397.922330 

no: 66
     0.983682     -0.023653      0.178354     78.096499 
    -0.025796      0.962536      0.269924    -76.656831 
    -0.178056     -0.270120      0.946219    421.951568 

no: 67
     0.984418     -0.037960      0.171700     82.919347 
    -0.015407      0.954048      0.299257    -88.285250 
    -0.175170     -0.297239      0.938597    436.863723 

no: 73
     0.979322     -0.087156      0.182573     94.988326 
    -0.002632      0.896880      0.442266   -128.227588 
    -0.202292     -0.433602      0.878105    531.496167 

no: 76
     0.978281     -0.101756      0.180589     95.300951 
     0.005618      0.883911      0.467622   -113.298305 
    -0.207208     -0.456451      0.865285    548.454786 

no: 89
     0.976123     -0.045669      0.212362     83.978327 
     0.012018      0.987505      0.157126    -95.825656 
    -0.216885     -0.150822      0.964476    444.009934 

no: 93
     0.965903     -0.076808      0.247250     67.797078 
     0.073877      0.997044      0.021121   -128.222450 
    -0.248141     -0.002135      0.968722    377.298549 

no: 94
     0.942017     -0.098632      0.320743     71.383200 
     0.078011      0.994009      0.076550   -136.031424 
    -0.326371     -0.047090      0.944068    376.560618 

no: 99
     0.799220     -0.119237      0.589093     21.470149 
     0.086243      0.992732      0.083931   -127.352127 
    -0.594820     -0.016274      0.803695    411.439504 

no: 100
     0.782413     -0.117375      0.611599     20.338513 
     0.076486      0.992754      0.092677   -121.468622 
    -0.618045     -0.025733      0.785721    416.034131 

no: 104
     0.868812     -0.063196      0.491093    -10.430362 
     0.033663      0.997066      0.068751    -73.518193 
    -0.493997     -0.043200      0.868390    289.121580 

no: 105
     0.899186     -0.058167      0.433684    -13.553288 
     0.026895      0.996598      0.077904    -69.615935 
    -0.436740     -0.058386      0.897691    258.291270 

no: 109
     0.988477      0.001637      0.151364    -23.576854 
    -0.021963      0.990911      0.132711    -42.266389 
    -0.149771     -0.134506      0.979529    145.508111 

no: 111
     0.999711      0.015339     -0.018504    -28.032870 
    -0.012195      0.987137      0.159409    -36.170171 
     0.020712     -0.159137      0.987039    101.397308 

no: 112
     0.990198      0.035969     -0.134957    -33.530735 
    -0.009389      0.981227      0.192625    -33.672568 
     0.139352     -0.189470      0.971948     67.895477 

no: 117
     0.997114     -0.056686      0.050500     37.914861 
     0.050426      0.991780      0.117600    -43.169880 
    -0.056751     -0.114714      0.991776     79.185685 

no: 127
     0.981583     -0.021667      0.189805     53.274482 
     0.028615      0.999014     -0.033943    -44.899736 
    -0.188882      0.038749      0.981235    116.504940 

no: 128
     0.978513     -0.008064      0.206027     54.169497 
     0.021844      0.997666     -0.064696    -44.254434 
    -0.205024      0.067806      0.976405    116.779064 

no: 129
     0.977031      0.002878      0.213079     55.937685 
     0.012057      0.997561     -0.068755    -43.957807 
    -0.212757      0.069745      0.974613    121.820923 

no: 134
     0.963900      0.023934      0.265186     54.641643 
     0.011999      0.991036     -0.133056    -49.246083 
    -0.265994      0.131434      0.954972    145.005781 

no: 138
     0.954969      0.041739      0.293755     53.670242 
     0.007501      0.986343     -0.164534    -50.671334 
    -0.296610      0.159329      0.941614    161.262858 

no: 140
     0.947645      0.053107      0.314880     48.331688 
     0.004771      0.983609     -0.180250    -48.796950 
    -0.319291      0.172315      0.931859    172.458249 

no: 142
     0.939580      0.065480      0.336007     41.560823 
     0.007768      0.977205     -0.212155    -46.362840 
    -0.342240      0.201946      0.917654    184.129008 

no: 144
     0.927975      0.087078      0.362326     41.557288 
     0.008245      0.967278     -0.253584    -43.534411 
    -0.372551      0.238307      0.896892    196.448370 

no: 146
     0.919783      0.108238      0.377204     42.652465 
    -0.006193      0.965094     -0.261830    -40.000898 
    -0.392378      0.238491      0.888348    191.782029 

no: 147
     0.921830      0.115027      0.370133     40.213463 
    -0.012210      0.963093     -0.268893    -38.363184 
    -0.387402      0.243354      0.889212    184.804126 

