no: 0
     1.000000     -0.000000     -0.000000     -0.000000 
    -0.000000      1.000000      0.000000     -0.000000 
    -0.000000      0.000000      1.000000      0.000000 

no: 1
     0.765965      0.628202      0.136600     -0.303490 
    -0.614880      0.777900     -0.129590    223.163605 
    -0.187670      0.015269      0.982113     -9.164351 

no: 4
     0.774374      0.350781      0.526590   -190.243075 
    -0.472849      0.873835      0.113254    267.547042 
    -0.420425     -0.336699      0.842542    244.046337 

no: 5
     0.873678      0.388003      0.293496   -241.546826 
    -0.396402      0.917487     -0.032916    253.670301 
    -0.282050     -0.087585      0.955394    140.637177 

no: 7
     0.864592      0.353304      0.357292   -198.827015 
    -0.369168      0.929018     -0.025318    180.519597 
    -0.340875     -0.110011      0.933650    121.197609 

no: 8
     0.683946      0.223037      0.694602    -14.324208 
    -0.200034      0.972963     -0.115454     21.176088 
    -0.701573     -0.059980      0.710069    294.034857 

no: 9
     0.730037      0.177366      0.659990    -19.487717 
    -0.205988      0.977930     -0.034960     16.908690 
    -0.651625     -0.110428      0.750460    283.495317 

no: 12
     0.725715      0.174573      0.665479    -55.490582 
    -0.205547      0.978110     -0.032433     37.043644 
    -0.656573     -0.113250      0.745712    273.311807 

no: 20
     0.929374      0.293864      0.223401   -222.260663 
    -0.270180      0.953887     -0.130775     45.434875 
    -0.251530      0.061180      0.965914     65.381351 

no: 22
     0.810403      0.164947      0.562173   -180.688747 
    -0.119093      0.985895     -0.117592     -3.973404 
    -0.573640      0.028346      0.818617    202.774475 

no: 28
     0.856177      0.202252      0.475453   -104.355715 
     0.028950      0.899978     -0.434972     65.554307 
    -0.515871      0.386177      0.764685    186.132493 

no: 29
     0.859727      0.261563      0.438697   -122.828651 
    -0.010374      0.867685     -0.497006    105.142665 
    -0.510649      0.422738      0.748685    184.597935 

no: 31
     0.864368      0.259323      0.430835   -123.390599 
    -0.010638      0.866009     -0.499915    107.828703 
    -0.502747      0.427528      0.751309    174.522287 

no: 32
     0.852724      0.263464      0.451052   -122.327680 
    -0.002340      0.865405     -0.501067    102.751594 
    -0.522356      0.426217      0.738568    186.936078 

no: 33
     0.883964      0.248288      0.396184   -135.466854 
    -0.022833      0.869263     -0.493822    108.014733 
    -0.466998      0.427475      0.774066    155.557582 

no: 38
     0.793041      0.502694      0.344070   -161.008973 
    -0.208816      0.754930     -0.621672    203.142804 
    -0.572260      0.421164      0.703662    140.180140 

no: 49
     0.949884      0.185261      0.251790   -244.026593 
    -0.081313      0.924171     -0.373225     51.749748 
    -0.301841      0.334046      0.892919   -115.062598 

no: 50
     0.927429      0.190447      0.321877   -227.315665 
    -0.052370      0.918287     -0.392436     34.313187 
    -0.370314      0.347100      0.861620    -89.744020 

no: 51
     0.904874      0.160535      0.394248   -167.202485 
    -0.006433      0.931214     -0.364417     -6.227927 
    -0.425631      0.327215      0.843664    -36.342737 

no: 55
     0.922095      0.060169      0.382257   -120.220429 
     0.018053      0.980073     -0.197816    -10.582050 
    -0.386542      0.189307      0.902634     39.346251 

no: 57
     0.939938      0.037390      0.339291   -153.415409 
     0.029628      0.981294     -0.190220    -48.921534 
    -0.340057      0.188847      0.921248     66.334693 

no: 58
     0.938590      0.043452      0.342286   -152.100912 
     0.020548      0.983238     -0.181163    -35.096220 
    -0.344421      0.177071      0.921965     73.908611 

no: 68
     0.942618      0.041026      0.331344   -150.151849 
     0.016420      0.985524     -0.168737    -36.452952 
    -0.333470      0.164495      0.928299     65.612266 

no: 70
     0.939629      0.047723      0.338850   -151.473504 
     0.015422      0.983315     -0.181255    -34.366541 
    -0.341846      0.175538      0.923216     64.655124 

no: 72
     0.921132      0.102269      0.375574   -131.158116 
    -0.036024      0.983125     -0.179355      6.088288 
    -0.387579      0.151680      0.909272    101.385244 

no: 73
     0.921731      0.109925      0.371926   -132.145571 
    -0.043474      0.982232     -0.182564     14.915589 
    -0.385386      0.152106      0.910133    101.898903 

no: 80
     0.925625      0.169152      0.338536   -163.046321 
    -0.037684      0.931301     -0.362295     54.762794 
    -0.376562      0.322592      0.868410     81.940880 

no: 81
     0.926122      0.179058      0.332018   -128.186913 
    -0.054087      0.934100     -0.352892     62.034081 
    -0.373326      0.308863      0.874775     86.237763 

no: 84
     0.887768      0.182569      0.422535    -79.419532 
    -0.040790      0.945568     -0.322859     63.878276 
    -0.458480      0.269389      0.846892    141.402013 

no: 85
     0.895024      0.188776      0.404099    -89.464923 
    -0.046224      0.940395     -0.336928     65.543118 
    -0.443617      0.282879      0.850402    126.469091 

no: 90
     0.918407     -0.123072      0.376007   -191.399955 
     0.011729      0.958438      0.285061     -0.076663 
    -0.395462     -0.257392      0.881680    -10.735078 

no: 106
     0.665427      0.164637      0.728081   -178.138763 
    -0.079523      0.985459     -0.150157    -39.959234 
    -0.742215      0.042019      0.668843    121.108457 

no: 109
     0.693852      0.152456      0.703794   -186.381341 
    -0.097583      0.988223     -0.117865    -32.485251 
    -0.713475      0.013103      0.700558    120.576724 

no: 113
     0.681829      0.143960      0.717206   -179.339804 
    -0.117075      0.989281     -0.087271    -23.111589 
    -0.722082     -0.024463      0.691375    137.671451 

no: 118
     0.768423      0.192172      0.610406   -205.039772 
    -0.164360      0.981115     -0.101973     51.344985 
    -0.618475     -0.021967      0.785497    178.675444 

no: 120
     0.828427      0.094320      0.552098   -167.868092 
    -0.139191      0.989465      0.039817    119.882868 
    -0.542526     -0.109833      0.832828    215.994026 

no: 124
     0.826327      0.106682      0.552994   -213.538613 
    -0.142982      0.989463      0.022770    106.921033 
    -0.544738     -0.097884      0.832874    175.992863 

no: 131
     0.961026      0.058249      0.270252   -149.290631 
     0.014570      0.965521     -0.259916    -35.776988 
    -0.276074      0.253723      0.927043      3.826835 

no: 132
     0.962109      0.056915      0.266657   -148.582399 
     0.014515      0.965895     -0.258529    -37.693260 
    -0.272277      0.252603      0.928470     -0.912515 

no: 133
     0.964067      0.053865      0.260142   -148.724665 
     0.010893      0.970390     -0.241299    -34.979261 
    -0.265437      0.235462      0.934934      2.257123 

no: 138
     0.963959      0.060834      0.259004   -151.563360 
     0.007809      0.966619     -0.256100    -36.292556 
    -0.265938      0.248892      0.931306     -6.522355 

no: 140
     0.963009      0.064340      0.261677   -155.978481 
     0.011787      0.960091     -0.279440    -40.287255 
    -0.269213      0.272187      0.923817    -18.365333 

no: 141
     0.964973      0.059472      0.255519   -155.064951 
     0.015844      0.958978     -0.283037    -44.755660 
    -0.261870      0.277171      0.924446    -26.724012 

no: 142
     0.964873      0.065465      0.254431   -158.626637 
     0.011335      0.957181     -0.289267    -44.166801 
    -0.262473      0.281990      0.922816    -30.544685 

no: 147
     0.950214      0.147446      0.274507   -158.847164 
    -0.058898      0.950069     -0.306431     31.703527 
    -0.305982      0.275007      0.911453    -34.952363 

