no: 2
     1.000000      0.000000     -0.000000      0.000000 
     0.000000      1.000000     -0.000000     -0.000000 
    -0.000000     -0.000000      1.000000     -0.000000 

no: 5
     0.971464      0.049759      0.231910    -16.657966 
    -0.050928      0.998702     -0.000949      2.845637 
    -0.231656     -0.010889      0.972737      1.426295 

no: 6
     0.978136      0.045917     -0.202833    -13.343350 
    -0.069849      0.991199     -0.112453      2.143567 
     0.195884      0.124162      0.972735    -51.422187 

no: 7
     0.965623      0.076711     -0.248371    -13.550454 
    -0.087826      0.995556     -0.033969     -1.557931 
     0.244662      0.054614      0.968069    -59.904083 

no: 8
     0.995537      0.087703     -0.034841    -18.074137 
    -0.086016      0.995171      0.047282     -4.090638 
     0.038820     -0.044074      0.998274    -34.246272 

no: 13
     0.991938      0.056495     -0.113433      8.805975 
    -0.066313      0.994195     -0.084727     -3.997593 
     0.107988      0.091566      0.989926    -15.656352 

no: 17
     0.990139      0.063992     -0.124614      6.752760 
    -0.062457      0.997916      0.016197     -1.810251 
     0.125391     -0.008254      0.992073    -10.633741 

no: 20
     0.866259      0.030601      0.498658     13.617705 
    -0.069896      0.995729      0.060319      4.774581 
    -0.494682     -0.087106      0.864698     31.099814 

no: 21
     0.853631      0.002751     -0.520871     13.929183 
    -0.038071      0.997641     -0.057122      3.784313 
     0.519485      0.068591      0.851722    -56.969142 

no: 27
     0.942071      0.076509     -0.326570    -32.703357 
    -0.094142      0.994814     -0.038511     14.871826 
     0.321930      0.067024      0.944388    -25.500531 

no: 36
     0.901905      0.113558     -0.416739     19.995621 
    -0.027648      0.978021      0.206667     -2.050819 
     0.431048     -0.174872      0.885222      6.202949 

no: 37
     0.826607      0.106861     -0.552542     27.269829 
     0.023392      0.974435      0.223449     -7.242275 
     0.562294     -0.197629      0.802975     -7.377468 

no: 38
     0.803144     -0.119517      0.583673     47.285704 
     0.167246      0.985508     -0.028334    -15.789794 
    -0.571828      0.120374      0.811494     68.779498 

no: 40
     0.998152      0.050758     -0.033405     12.440111 
    -0.045243      0.987795      0.149043     -1.740276 
     0.040562     -0.147256      0.988266     55.001556 

no: 45
     0.999487      0.019626     -0.025293     20.362810 
    -0.018591      0.999005      0.040543    -10.185915 
     0.026063     -0.040052      0.998858     20.446360 

no: 47
     0.999848      0.013463      0.011049     21.108460 
    -0.013763      0.999525      0.027590    -10.714045 
    -0.010673     -0.027738      0.999558     20.816369 

no: 50
     0.998011      0.004254      0.062902     20.969456 
    -0.010007      0.995761      0.091427     -9.586784 
    -0.062247     -0.091875      0.993823     31.709096 

no: 52
     0.988385     -0.018797      0.150807     22.856656 
     0.020490      0.999743     -0.009685    -12.371487 
    -0.150586      0.012662      0.988516     30.968390 

no: 59
     0.864209     -0.077800     -0.497082     34.291189 
     0.100344      0.994776      0.018758    -12.264056 
     0.493026     -0.066090      0.867501      0.217859 

no: 65
     0.953134     -0.008941      0.302416     17.699780 
    -0.055358      0.977534      0.203376      2.097903 
    -0.297441     -0.210586      0.931226     71.943760 

no: 68
     0.957658      0.005829      0.287849     11.364868 
    -0.073096      0.971959      0.223502      1.285073 
    -0.278474     -0.235079      0.931230     70.429842 

no: 69
     0.995796     -0.017393      0.089933      7.198038 
     0.007364      0.993830      0.110671     -7.733540 
    -0.091303     -0.109543      0.989780     51.051189 

no: 75
     0.997280      0.028430     -0.068009     -6.064789 
    -0.021965      0.995331      0.093985    -11.621306 
     0.070364     -0.092236      0.993248     24.219772 

no: 78
     0.995000     -0.099720     -0.005592      7.749457 
     0.094493      0.958019     -0.270686    -12.918168 
     0.032350      0.268804      0.962652    -25.354257 

no: 79
     0.965602      0.012552     -0.259722     -4.601332 
    -0.059657      0.982885     -0.174294     -6.403151 
     0.253089      0.183792      0.949824    -24.085420 

no: 82
     0.930862      0.163618     -0.326687    -15.385342 
    -0.083279      0.965605      0.246316     -4.251325 
     0.355753     -0.202080      0.912471      5.301634 

no: 83
     0.908175      0.117129     -0.401869     -9.900567 
    -0.103980      0.993087      0.054463     -4.963152 
     0.405470     -0.007675      0.914076     -5.858917 

no: 87
     0.917285      0.177081     -0.356693     -6.798209 
    -0.100855      0.969795      0.222095     -1.473243 
     0.385248     -0.167751      0.907438     15.892221 

no: 89
     0.884711      0.191894     -0.424810      0.310219 
    -0.065273      0.953355      0.294708     -0.771729 
     0.461547     -0.233003      0.855970      7.519175 

no: 92
     0.968758      0.052683      0.242347     11.212966 
     0.017737      0.959958     -0.279582     -0.633321 
    -0.247372      0.275146      0.929033      7.278263 

no: 96
     0.971359      0.161186     -0.174586    -16.693588 
    -0.055911      0.869155      0.491368     -3.039645 
     0.230944     -0.467534      0.853274     83.631245 

no: 97
     0.993260     -0.003939      0.115843    -22.951947 
    -0.002083      0.998654      0.051820    -20.884689 
    -0.115891     -0.051712      0.991915    133.007576 

no: 100
     0.945876     -0.125237     -0.299389     23.394953 
    -0.125715      0.709106     -0.693804     32.395977 
     0.299188      0.693891      0.654983   -104.250373 

no: 104
     0.943191     -0.158943     -0.291767     16.435246 
    -0.094752      0.713010     -0.694723     28.600193 
     0.318454      0.682901      0.657444    -81.529370 

no: 108
     0.536436      0.064290     -0.841489      4.631223 
    -0.191475      0.980364     -0.047162     -9.033561 
     0.821933      0.186424      0.538212    -33.803161 

no: 113
     0.988946      0.081524     -0.123857    -19.047323 
    -0.037020      0.944592      0.326154     -4.336566 
     0.143583     -0.317963      0.937168     44.031684 

no: 114
     0.994839     -0.095568      0.034079     -3.483657 
     0.098634      0.989677     -0.103972    -15.669233 
    -0.023791      0.106797      0.993996     16.694892 

no: 115
     0.979087     -0.027792     -0.201533     -8.759027 
     0.036629      0.998518      0.040254    -11.716968 
     0.200115     -0.046794      0.978654     14.919242 

no: 117
     0.990761     -0.009955     -0.135252    -12.531872 
     0.020465      0.996857      0.076538     -7.943547 
     0.134064     -0.078599      0.987851     25.350550 

no: 118
     0.989364     -0.103239     -0.102474     -0.669218 
     0.078391      0.971835     -0.222242     -5.468619 
     0.122532      0.211845      0.969591    -13.607822 

no: 123
     0.996752      0.069465     -0.040732    -16.513677 
    -0.073824      0.990306     -0.117659      8.596938 
     0.032164      0.120283      0.992218      4.469603 

no: 126
     0.976396      0.102134     -0.190313    -14.330583 
    -0.151342      0.952170     -0.265459     30.089249 
     0.154097      0.287995      0.945152    -21.311027 

no: 129
     0.941586      0.148402     -0.302311    -14.928988 
    -0.200260      0.968449     -0.148331     30.440293 
     0.270761      0.200207      0.941597    -30.999401 

no: 130
     0.992859      0.119124     -0.006284    -20.911221 
    -0.116607      0.958074     -0.261720     27.317897 
    -0.025156      0.260584      0.965123      0.953268 

no: 138
     0.991991      0.114214     -0.053928    -18.295175 
    -0.125423      0.941131     -0.313914     31.907107 
     0.014900      0.318163      0.947919    -17.584120 

no: 139
     0.988022      0.142536      0.059129    -13.562781 
    -0.108186      0.913049     -0.393240     41.656244 
    -0.110039      0.382132      0.917533    -17.560052 

no: 148
     0.985782      0.167027     -0.018335    -34.755247 
    -0.167883      0.983612     -0.065741     18.333370 
     0.007054      0.067884      0.997668     21.958197 

