no: 1
     1.000000     -0.000000      0.000000     -0.000000 
    -0.000000      1.000000     -0.000000     -0.000000 
     0.000000     -0.000000      1.000000      0.000000 

no: 9
     0.946065      0.114487     -0.303074     56.188384 
    -0.092560      0.992004      0.085800     28.449543 
     0.310473     -0.053120      0.949097     33.643082 

no: 10
     0.941432      0.128608     -0.311713     47.454900 
    -0.094039      0.987871      0.123562     28.245962 
     0.323823     -0.087012      0.942108     19.799965 

no: 11
     0.928746      0.124837     -0.349066     50.115106 
    -0.087371      0.988781      0.121155     25.772294 
     0.360275     -0.082024      0.929233     -5.476058 

no: 12
     0.988831      0.135356      0.062393     19.402595 
    -0.144193      0.974724      0.170649     51.070056 
    -0.037717     -0.177740      0.983354    173.221723 

no: 14
     0.861330      0.133666     -0.490147     49.757878 
    -0.115579      0.991026      0.067153     34.988906 
     0.494725     -0.001190      0.869049    -75.300975 

no: 15
     0.818954      0.146539     -0.554834     51.919259 
    -0.121951      0.989204      0.081257     39.478527 
     0.560751      0.001117      0.827984    -98.665249 

no: 16
     0.785764      0.145107     -0.601265     49.899981 
    -0.112544      0.989406      0.091701     42.902480 
     0.608202     -0.004387      0.793770   -118.471192 

no: 25
     0.776338      0.164066     -0.608590     41.279089 
    -0.090127      0.984503      0.150436     39.217675 
     0.623840     -0.061939      0.779094   -130.743417 

no: 27
     0.856866      0.131264     -0.498548     40.422399 
    -0.081896      0.989420      0.119751     32.581350 
     0.508993     -0.061782      0.858551   -114.051784 

no: 31
     0.971360      0.095382     -0.217628     48.799700 
    -0.068959      0.989637      0.125947     25.676097 
     0.227386     -0.107332      0.967872    -34.412972 

no: 32
     0.977199      0.088204     -0.193136     50.055180 
    -0.071467      0.993192      0.091986     23.021998 
     0.199935     -0.076086      0.976851    -37.687827 

no: 33
     0.983018      0.087780     -0.161151     48.142554 
    -0.074055      0.993249      0.089290     22.766981 
     0.167901     -0.075840      0.982882    -27.921676 

no: 35
     0.991713      0.085122     -0.096223     47.578959 
    -0.078214      0.994229      0.073420     18.999447 
     0.101917     -0.065285      0.992648    -15.145537 

no: 38
     0.995518      0.080770     -0.049198     49.477738 
    -0.076784      0.993981      0.078140     16.095069 
     0.055213     -0.074012      0.995728     -7.269970 

no: 39
     0.995620      0.081204     -0.046329     48.987912 
    -0.076461      0.992411      0.096307     16.090952 
     0.053798     -0.092343      0.994273     -6.555399 

no: 40
     0.976162      0.062207     -0.207936     59.640716 
    -0.053990      0.997528      0.044967      7.675274 
     0.210219     -0.032669      0.977108    -79.680373 

no: 48
     0.996254      0.076619      0.040089     44.375758 
    -0.080241      0.991917      0.098295     15.051419 
    -0.032234     -0.101144      0.994350     26.563248 

no: 49
     0.996708      0.078724      0.019370     43.082629 
    -0.080325      0.991282      0.104441     14.063304 
    -0.010980     -0.105653      0.994342     19.195865 

no: 52
     0.995833      0.090237      0.013204     40.530316 
    -0.091113      0.990678      0.101271     17.233265 
    -0.003943     -0.102053      0.994771     19.691064 

no: 55
     0.977211      0.211254      0.020757     -5.536937 
    -0.210955      0.955625      0.205618     39.710839 
     0.023602     -0.205310      0.978412     76.057585 

no: 56
     0.977164      0.193214     -0.088424    -10.844021 
    -0.175018      0.967840      0.180704     24.361368 
     0.120495     -0.161102      0.979555     51.826738 

no: 57
     0.974515      0.224074     -0.010534    -47.720741 
    -0.220346      0.964992      0.142261      8.869379 
     0.042042     -0.136314      0.989773    132.117098 

no: 58
     0.957636      0.279478     -0.069459    -69.901456 
    -0.260321      0.943244      0.206214      8.190757 
     0.123150     -0.179397      0.976038    133.600284 

no: 60
     0.777626      0.205981     -0.594029    -30.401337 
    -0.219822      0.974255      0.050063      1.335483 
     0.589047      0.091650      0.802885    -96.550216 

no: 69
     0.487420      0.086944     -0.868828    100.562703 
    -0.289089      0.954982     -0.066616     73.987777 
     0.823923      0.283639      0.490612   -180.969747 

no: 70
     0.703538      0.153160     -0.693957    -39.483976 
    -0.255218      0.965808     -0.045583     40.457398 
     0.663248      0.209180      0.718572     42.337873 

no: 80
     0.887779      0.116858     -0.445188     40.514035 
    -0.143968      0.989202     -0.027439    -21.678460 
     0.437174      0.088452      0.895017    -51.705476 

no: 89
     0.995435      0.095140     -0.007564     42.166789 
    -0.092058      0.978051      0.186929    -20.034973 
     0.025183     -0.185379      0.982344    118.018995 

no: 91
     0.994498      0.077085      0.070940     43.152404 
    -0.089870      0.975745      0.199615    -26.056552 
    -0.053832     -0.204892      0.977303    146.491019 

no: 95
     0.909982      0.051552      0.411431     83.635295 
    -0.167397      0.953463      0.250772     14.319836 
    -0.379357     -0.297070      0.876264    299.806570 

no: 98
     0.997991      0.062980      0.006959     40.727348 
    -0.063360      0.990830      0.119339    -33.396763 
     0.000621     -0.119540      0.992829    119.138299 

no: 99
     0.995735      0.072419     -0.057162     36.642510 
    -0.062879      0.986075      0.153959    -28.554895 
     0.067516     -0.149708      0.986422    110.714401 

no: 100
     0.979355      0.094333     -0.178790     28.416967 
    -0.060883      0.981020      0.184103    -27.943025 
     0.192764     -0.169417      0.966509     96.146359 

no: 103
     0.853462      0.246320      0.459271     17.944972 
    -0.483147      0.704337      0.520076    233.090630 
    -0.195376     -0.665760      0.720133    372.989819 

no: 105
     0.878551      0.141844     -0.456101     21.213521 
    -0.073986      0.983776      0.163434     -3.623209 
     0.471884     -0.109840      0.874792     22.715246 

no: 108
     0.868793      0.001593     -0.495173     60.354201 
    -0.089353      0.984084     -0.153606     14.269413 
     0.487047      0.177697      0.855107    -68.914524 

no: 111
     0.862394      0.000859     -0.506236     67.256571 
    -0.125840      0.968974     -0.212731     28.283981 
     0.490347      0.247163      0.835745    -85.448463 

no: 113
     0.841723      0.009030     -0.539834     68.491477 
    -0.166045      0.955731     -0.242914     34.951316 
     0.513742      0.294103      0.805961   -109.363942 

no: 114
     0.823404      0.019066     -0.567135     65.268905 
    -0.183589      0.954634     -0.234454     34.570710 
     0.536937      0.297170      0.789550   -107.574961 

no: 121
     0.401872      0.165899     -0.900542     55.957003 
    -0.215610      0.972944      0.083020     25.676655 
     0.889950      0.160803      0.426768   -139.387101 

no: 122
     0.687992      0.139475     -0.712190     14.170872 
    -0.215434      0.976372     -0.016902     13.980208 
     0.693005      0.165059      0.701784    -63.876193 

no: 128
     0.994772      0.088859      0.050325     10.171526 
    -0.095462      0.984185      0.149222    -47.538847 
    -0.036269     -0.153246      0.987522    115.174838 

no: 130
     0.996583      0.054617      0.061959     22.350918 
    -0.059569      0.994923      0.081116    -47.771397 
    -0.057214     -0.084529      0.994777    107.545321 

no: 136
     0.999327      0.025819      0.026060     31.757783 
    -0.028036      0.995672      0.088613    -33.969100 
    -0.023659     -0.089284      0.995725    111.341602 

no: 138
     0.999479      0.030964      0.009123     33.395155 
    -0.031519      0.997135      0.068767    -30.102348 
    -0.006968     -0.069018      0.997591    101.471685 

no: 142
     0.998801      0.028832      0.039557     34.046623 
    -0.033547      0.991683      0.124259    -25.412168 
    -0.035645     -0.125437      0.991461    124.540076 

no: 144
     0.999428      0.027979      0.018971     32.950004 
    -0.029970      0.992984      0.114391    -26.426845 
    -0.015637     -0.114894      0.993255    114.162087 

no: 145
     0.999101      0.034262      0.024955     32.015632 
    -0.037387      0.989733      0.137951    -22.961536 
    -0.019972     -0.138760      0.990125    118.757056 

no: 149
     0.997350      0.053026      0.049820     33.920604 
    -0.058043      0.992742      0.105326    -11.408215 
    -0.043874     -0.107939      0.993189    113.437511 

