no: 2
     1.000000     -0.000000     -0.000000      0.000000 
    -0.000000      1.000000     -0.000000      0.000000 
    -0.000000     -0.000000      1.000000      0.000000 

no: 3
     0.999990      0.001886      0.004161     -0.977047 
    -0.001877      0.999996     -0.002094      0.330310 
    -0.004164      0.002086      0.999989      0.891704 

no: 5
     0.990853      0.064391      0.118594    -16.658900 
    -0.090168      0.969752      0.226826     68.710117 
    -0.100401     -0.235445      0.966688    296.763239 

no: 6
     0.824042      0.175373      0.538702     21.510299 
     0.190436      0.809802     -0.554936    -29.780417 
    -0.533563      0.559879      0.633913    261.135148 

no: 15
     0.999454     -0.028005     -0.017549      2.769855 
     0.027115      0.998427     -0.049068      1.753309 
     0.018896      0.048565      0.998641    -18.175958 

no: 16
     0.998542     -0.053615      0.006222     25.675673 
     0.053094      0.996437      0.065532     -4.302704 
    -0.009714     -0.065106      0.997831     51.146485 

no: 20
     0.949598      0.137625     -0.281644     -1.593879 
    -0.091477      0.981024      0.170952     61.603956 
     0.299827     -0.136572      0.944167     38.410167 

no: 22
     0.872975      0.249405     -0.419180    -15.460535 
    -0.112710      0.939276      0.324125     67.042607 
     0.474564     -0.235707      0.848075      8.005700 

no: 23
     0.870566      0.254389     -0.421190    -20.695736 
    -0.106240      0.932975      0.343905     62.306198 
     0.480446     -0.254644      0.839243     15.151996 

no: 27
     0.904805      0.250933     -0.344034    -26.041208 
    -0.126362      0.929754      0.345818     69.550085 
     0.406645     -0.269426      0.872955     44.645337 

no: 28
     0.964310      0.102264     -0.244231     69.929852 
    -0.040688      0.968680      0.244955     50.013399 
     0.261632     -0.226275      0.938269     60.324656 

no: 29
     0.911968     -0.032589     -0.408966    127.181779 
    -0.007479      0.995354     -0.095993     29.342972 
     0.410194      0.090601      0.907487    -98.190644 

no: 34
     0.991884      0.098195     -0.080768     30.322665 
    -0.090682      0.991626      0.091951     72.978857 
     0.089121     -0.083880      0.992483     89.390812 

no: 38
     0.976008      0.137577     -0.168762     20.326260 
    -0.196405      0.890852     -0.409643    122.473576 
     0.093984      0.432961      0.896500    -36.424882 

no: 39
     0.990985      0.125077     -0.048009     13.192788 
    -0.116543      0.981551      0.151575     74.494487 
     0.066082     -0.144613      0.987279    120.529382 

no: 40
     0.990084      0.131154     -0.050322      7.758215 
    -0.119578      0.974851      0.188060     78.890408 
     0.073722     -0.180177      0.980868    127.215795 

no: 42
     0.979177      0.138733      0.148206     -8.690436 
    -0.164524      0.969997      0.178991    106.287013 
    -0.118928     -0.199647      0.972624    230.422547 

no: 44
     0.980325      0.176503      0.088368    -26.481995 
    -0.183220      0.980229      0.074714    118.151517 
    -0.073434     -0.089435      0.993282    195.905867 

no: 48
     0.783552      0.059418     -0.618479     91.900684 
    -0.329471      0.883678     -0.332510    201.987023 
     0.526779      0.464310      0.711984   -277.394652 

no: 52
     0.987758      0.031809      0.152718     66.607735 
    -0.063866      0.975643      0.209861     71.117269 
    -0.142322     -0.217045      0.965731    221.716774 

no: 63
     0.966903      0.037972     -0.252304     60.287087 
     0.011142      0.981636      0.190436      8.923308 
     0.254902     -0.186944      0.948724    122.793938 

no: 67
     0.914023      0.032679      0.404345     89.450966 
    -0.056655      0.997265      0.047470     70.169347 
    -0.401688     -0.066297      0.913374    298.002221 

no: 76
     0.992957     -0.115002      0.028459     49.720107 
     0.108883      0.791201     -0.601785     33.456525 
     0.046690      0.600646      0.798151   -170.013883 

no: 77
     0.979608      0.087617     -0.180806    -11.241998 
    -0.056214      0.983488      0.172022     50.248326 
     0.192892     -0.158350      0.968358    110.055815 

no: 79
     0.886342      0.185530     -0.424235    -22.577330 
     0.075728      0.845795      0.528106      0.592500 
     0.456796     -0.500209      0.735615     56.864343 

no: 80
     0.806639      0.274144     -0.523620     -8.165974 
    -0.047269      0.913009      0.405192     59.504445 
     0.589151     -0.302093      0.749427   -100.644945 

no: 81
     0.833896      0.316243     -0.452336    -14.192505 
    -0.069781      0.873399      0.481979     68.944970 
     0.547493     -0.370356      0.750392    -99.136616 

no: 83
     0.977612      0.200147     -0.064935     69.751155 
    -0.171684      0.580300     -0.796101    124.741107 
    -0.121655      0.789426      0.601670     95.021509 

no: 91
     0.998869     -0.008703      0.046738     41.716635 
    -0.006214      0.950769      0.309839    -10.220336 
    -0.047134     -0.309779      0.949640     55.714685 

no: 95
     0.991217      0.127029     -0.036777     30.102295 
    -0.123837      0.989158      0.078931     41.796210 
     0.046405     -0.073683      0.996201      3.368639 

no: 97
     0.981449      0.145487     -0.124863     34.801100 
    -0.131898      0.985030      0.110987     48.535300 
     0.139141     -0.092459      0.985947    -29.423444 

no: 102
     0.975499      0.182908     -0.122259     21.247886 
    -0.152204      0.962330      0.225290     76.022540 
     0.158861     -0.201162      0.966591    -18.920818 

no: 105
     0.990242      0.133398      0.040321     13.367117 
    -0.139266      0.936695      0.321258     83.660828 
     0.005086     -0.323739      0.946133     13.933484 

no: 107
     0.988561      0.120090      0.091247    -34.236824 
    -0.141006      0.950593      0.276570     68.167355 
    -0.053525     -0.286273      0.956652     43.017626 

no: 109
     0.987257      0.133557      0.086521    -79.978351 
    -0.152284      0.950719      0.270079     66.437861 
    -0.046186     -0.279814      0.958943     83.294053 

no: 112
     0.988866      0.145332      0.031970    -77.188952 
    -0.148731      0.958449      0.243423     66.943353 
     0.004736     -0.245468      0.969393     49.545315 

no: 118
     0.973466      0.212624     -0.084587      1.528209 
    -0.183438      0.946070      0.267024    158.750763 
     0.136801     -0.244422      0.959970    103.431384 

no: 121
     0.989043      0.085013      0.120696     42.451383 
    -0.104423      0.980771      0.164876    108.642367 
    -0.104358     -0.175673      0.978902    160.745242 

no: 122
     0.966400      0.043805      0.253281     71.516676 
    -0.101965      0.969858      0.221313     99.550110 
    -0.235952     -0.239703      0.941737    212.503880 

no: 125
     0.990449     -0.134723     -0.029318     71.161899 
     0.136707      0.931960      0.335800     12.673122 
    -0.017917     -0.336601      0.941477    106.111624 

no: 126
     0.960576      0.021119      0.277213     85.430837 
    -0.048170      0.994672      0.091139     68.483658 
    -0.273811     -0.100899      0.956476    193.410856 

no: 127
     0.984718      0.082137      0.153571     74.762786 
    -0.123962      0.949940      0.286788     85.209503 
    -0.122327     -0.301442      0.945605    151.749923 

no: 132
     0.992109      0.122925      0.024670    -93.394862 
    -0.125367      0.975051      0.183192    107.051097 
    -0.001536     -0.184839      0.982768     97.633485 

no: 133
     0.990383      0.129104      0.049739   -100.289386 
    -0.135453      0.978025      0.158490    109.833036 
    -0.028184     -0.163703      0.986107    111.853207 

no: 135
     0.991016      0.123424      0.051509    -98.057941 
    -0.130559      0.976320      0.172492     99.999201 
    -0.029000     -0.177668      0.983663    133.690709 

no: 138
     0.992213      0.114435      0.049177    -84.366403 
    -0.121771      0.974227      0.189878     89.056520 
    -0.026181     -0.194388      0.980575    173.769066 

no: 142
     0.994949      0.099518      0.013173    -32.657017 
    -0.100335      0.981679      0.161986     79.667535 
     0.003189     -0.162490      0.986705    169.238683 

no: 144
     0.994255      0.096301      0.046730    -18.820587 
    -0.103045      0.979278      0.174345     90.920144 
    -0.028972     -0.178158      0.983575    208.020099 

no: 147
     0.995465      0.091463      0.026144    -13.481106 
    -0.094845      0.975426      0.198867     85.413349 
    -0.007313     -0.200444      0.979678    190.233417 

