no: 4
     1.000000     -0.000000      0.000000     -0.000000 
    -0.000000      1.000000      0.000000      0.000000 
     0.000000      0.000000      1.000000     -0.000000 

no: 6
     0.991219     -0.000182     -0.132234     25.145339 
     0.001663      0.999937      0.011087     39.491928 
     0.132224     -0.011210      0.991157    -82.172724 

no: 8
     0.999869     -0.012559      0.010178     38.381690 
     0.012818      0.999585     -0.025780     62.562703 
    -0.009850      0.025907      0.999616    -42.429681 

no: 11
     0.999715      0.021942     -0.009425     72.190924 
    -0.021530      0.998895      0.041784     83.738061 
     0.010332     -0.041569      0.999082    -40.250286 

no: 12
     0.999378      0.011488     -0.033335     82.863160 
    -0.011218      0.999903      0.008289     82.206302 
     0.033427     -0.007910      0.999410    -56.261780 

no: 17
     0.993585     -0.004958     -0.112983    103.522301 
     0.005335      0.999981      0.003035     68.404749 
     0.112966     -0.003618      0.993592    -93.475466 

no: 18
     0.999990      0.000240     -0.004432    103.976841 
    -0.000067      0.999237      0.039055     63.300275 
     0.004438     -0.039054      0.999227    -42.413729 

no: 21
     0.993502      0.002084     -0.113795     95.061513 
    -0.003735      0.999891     -0.014304     54.017498 
     0.113752      0.014636      0.993401    -92.110004 

no: 22
     0.969596      0.022393     -0.243686     91.970889 
    -0.022446      0.999745      0.002559     64.653653 
     0.243682      0.002989      0.969851   -137.487956 

no: 23
     0.956925      0.023465     -0.289386     92.813524 
    -0.029681      0.999413     -0.017111     67.622902 
     0.288814      0.024963      0.957060   -161.173218 

no: 25
     0.933856      0.020355     -0.357068    103.290645 
    -0.027310      0.999523     -0.014447     66.660164 
     0.356604      0.023243      0.933967   -192.007077 

no: 26
     0.922380      0.029888     -0.385125    105.878547 
    -0.045014      0.998526     -0.030318     77.756112 
     0.383651      0.045301      0.922366   -208.185039 

no: 29
     0.908762      0.089584     -0.407587     96.659048 
    -0.074910      0.995841      0.051855     95.055004 
     0.410537     -0.016591      0.911693   -204.129851 

no: 30
     0.863072      0.048348     -0.502761    121.188720 
    -0.077744      0.996262     -0.037654     93.842541 
     0.499061      0.071585      0.863605   -251.986777 

no: 32
     0.817829      0.057824     -0.572548    132.028236 
    -0.080094      0.996693     -0.013745     90.920468 
     0.569860      0.057099      0.819756   -267.592545 

no: 35
     0.787234      0.070978     -0.612556    140.176729 
    -0.084740      0.996382      0.006548     87.329998 
     0.610804      0.046753      0.790400   -281.162594 

no: 36
     0.768867      0.087746     -0.633360    143.908989 
    -0.080609      0.995938      0.040122     83.910860 
     0.634308      0.020206      0.772817   -284.643503 

no: 37
     0.714739      0.065074     -0.696358    172.906115 
    -0.079344      0.996779      0.011710     82.008036 
     0.694876      0.046883      0.717599   -316.950319 

no: 42
     0.930784      0.025416     -0.364684     98.866109 
    -0.034954      0.999197     -0.019577     57.587137 
     0.363894      0.030969      0.930925   -188.848506 

no: 44
     0.981144     -0.014307     -0.192750     89.299338 
    -0.003921      0.995578     -0.093860     47.985168 
     0.193241      0.092846      0.976749   -152.373892 

no: 48
     0.981942     -0.028153      0.187075    100.445847 
     0.034782      0.998874     -0.032251     35.940498 
    -0.185956      0.038175      0.981816     46.560054 

no: 50
     0.939970     -0.050236      0.337539    126.610053 
     0.056402      0.998372     -0.008479     29.465595 
    -0.336564      0.027008      0.941273    117.762583 

no: 54
     0.952007     -0.065040      0.299085    125.267371 
     0.080559      0.995953     -0.039843      8.761083 
    -0.295283      0.062025      0.953394    111.898013 

no: 57
     0.990572     -0.135306      0.021419    125.489754 
     0.110607      0.882204      0.457691     -8.085727 
    -0.080824     -0.451007      0.888853     96.662768 

no: 60
     0.997241     -0.013080     -0.073067    115.295570 
     0.054461      0.797765      0.600505     -1.694763 
     0.050436     -0.602827      0.796276     95.186932 

no: 61
     0.999857     -0.016680      0.002668    111.169118 
     0.011975      0.811320      0.584480      9.657496 
    -0.011913     -0.584365      0.811404    155.538992 

no: 67
     0.991561     -0.106727     -0.073594    117.024783 
     0.075380      0.936493     -0.342489     59.605582 
     0.105473      0.334051      0.936635   -143.182838 

no: 70
     0.985269     -0.156766      0.068327    137.256038 
     0.165873      0.778895     -0.604821     41.612375 
     0.041596      0.607245      0.793425   -210.972486 

no: 73
     0.995445     -0.086988     -0.039013    122.332848 
     0.077536      0.976805     -0.199599     42.311953 
     0.055471      0.195665      0.979101    -95.143242 

no: 76
     0.991173     -0.114552     -0.066730    134.363958 
     0.089677      0.950058     -0.298911     -7.699849 
     0.097638      0.290289      0.951945    -86.318169 

no: 79
     0.980180     -0.150576     -0.128743    143.274339 
     0.108544      0.951812     -0.286832    -63.882329 
     0.165729      0.267173      0.949291    -93.774397 

no: 83
     0.994996     -0.099894      0.002052     91.229587 
     0.097990      0.971604     -0.215367   -109.158696 
     0.019520      0.214491      0.976531    -17.075342 

no: 84
     0.994310     -0.099676      0.037575     91.553284 
     0.103931      0.985102     -0.137012   -106.901893 
    -0.023358      0.140138      0.989856     12.652143 

no: 88
     0.759055     -0.181198     -0.625302    247.814226 
     0.032842      0.969921     -0.241194     12.186802 
     0.650198      0.162543      0.742174   -312.748777 

no: 89
     0.840408     -0.152169      0.520153    213.922676 
     0.235790      0.966838     -0.098118   -106.686719 
    -0.487974      0.205106      0.848418    213.719798 

no: 96
     0.880214     -0.039576     -0.472924    124.081339 
    -0.079736      0.970018     -0.229582     30.398039 
     0.467830      0.239790      0.850668   -221.402421 

no: 99
     0.791922     -0.022847     -0.610195    155.302938 
    -0.109705      0.977716     -0.178985     58.953275 
     0.600687      0.208683      0.771769   -274.774006 

no: 100
     0.825455      0.043783     -0.562767    125.899286 
    -0.117378      0.988508     -0.095262     66.244744 
     0.552128      0.144691      0.821108   -241.467610 

no: 105
     0.614262      0.084114     -0.784606    207.123236 
    -0.142586      0.989767     -0.005522     76.116567 
     0.776113      0.115266      0.619970   -331.115132 

no: 107
     0.599353      0.072745     -0.797173    215.131071 
    -0.101963      0.994688      0.014108     56.877435 
     0.793965      0.072826      0.603587   -338.851909 

no: 114
     0.760065      0.295732     -0.578656    117.346016 
    -0.067432      0.921535      0.382394     50.218050 
     0.646339     -0.251625      0.720369   -212.890585 

no: 116
     0.792908      0.314296     -0.522030    102.458431 
    -0.046400      0.885366      0.462573     45.315200 
     0.607572     -0.342556      0.716597   -174.910110 

no: 119
     0.767581      0.343056     -0.541417    106.202395 
    -0.033262      0.864889      0.500859     39.288637 
     0.640088     -0.366441      0.675283   -191.429160 

no: 124
     0.943215      0.171376     -0.284562     73.008575 
    -0.116039      0.972662      0.201156     51.185267 
     0.311256     -0.156713      0.937316    -60.936341 

no: 127
     0.848723     -0.027727     -0.528111    160.396097 
    -0.071038      0.983597     -0.165805     34.830263 
     0.524045      0.178238      0.832831   -228.813504 

no: 129
     0.849959     -0.068567     -0.522367    176.090688 
    -0.109081      0.947108     -0.301808     54.096151 
     0.515432      0.313505      0.797524   -241.080207 

no: 132
     0.924561     -0.036355     -0.379297    142.023258 
    -0.054190      0.972774     -0.225332     19.834710 
     0.377162      0.228887      0.897418   -152.839146 

no: 133
     0.942510      0.033802     -0.332463    125.624879 
    -0.046427      0.998468     -0.030101      5.887884 
     0.330937      0.043806      0.942636   -101.059910 

no: 134
     0.942646      0.056119     -0.329042    123.492449 
    -0.039127      0.997547      0.058043     -0.372510 
     0.331492     -0.041839      0.942530    -86.340380 

no: 141
     0.988018      0.055377     -0.144064    128.201973 
    -0.029252      0.983685      0.177504    -16.981149 
     0.151543     -0.171162      0.973518     25.112424 

