no: 0
     1.000000     -0.000000     -0.000000      0.000000 
    -0.000000      1.000000      0.000000      0.000000 
    -0.000000      0.000000      1.000000      0.000000 

no: 1
     0.999997      0.001967      0.001521     -0.359362 
    -0.001968      0.999998      0.000569      1.192190 
    -0.001520     -0.000572      0.999999      0.683595 

no: 3
     0.999984      0.001665      0.005362     -0.635989 
    -0.001617      0.999959     -0.008896      1.098759 
    -0.005377      0.008887      0.999946      1.162012 

no: 8
     0.987196     -0.078102      0.139086     17.385810 
     0.125802      0.917297     -0.377810    -55.860943 
    -0.098076      0.390469      0.915377    -17.427873 

no: 11
     0.995038     -0.038078      0.091919     17.416171 
     0.071174      0.917976     -0.390199    -48.806845 
    -0.069522      0.394805      0.916131    -12.702601 

no: 17
     0.998234     -0.047995     -0.035000     26.523067 
     0.041439      0.984814     -0.168593    -63.417586 
     0.042560      0.166845      0.985064    -23.593891 

no: 18
     0.996583     -0.010957      0.081867     31.793417 
     0.029932      0.971699     -0.234318    -56.434050 
    -0.076983      0.235968      0.968707    -55.706707 

no: 22
     0.983811     -0.026263     -0.177274     28.469264 
    -0.003772      0.985949     -0.167003    -42.986917 
     0.179169      0.164968      0.969889    -83.674566 

no: 25
     0.958369     -0.044864     -0.281987     39.830786 
    -0.026711      0.969162     -0.244973    -30.036354 
     0.284282      0.242307      0.927616   -134.778812 

no: 26
     0.917847     -0.051570     -0.393569     50.816068 
    -0.043184      0.972666     -0.228159    -24.641917 
     0.394578      0.226411      0.890532   -169.939760 

no: 32
     0.911488     -0.198921     -0.360027    111.621130 
     0.018365      0.894092     -0.447507    -34.140339 
     0.410916      0.401286      0.818607   -186.226890 

no: 38
     0.979943     -0.168423     -0.106515     79.461582 
     0.114004      0.912205     -0.393555    -59.424495 
     0.163447      0.373519      0.913109   -109.273926 

no: 40
     0.987538     -0.147642     -0.054496     67.996470 
     0.122426      0.938278     -0.323490    -68.432733 
     0.098893      0.312787      0.944661    -76.218360 

no: 48
     0.985327     -0.145138      0.089815     63.551938 
     0.111268      0.945246      0.306804    -90.223438 
    -0.129426     -0.292309      0.947525    128.404975 

no: 50
     0.993120     -0.114962      0.022274     45.099649 
     0.097392      0.916509      0.387977    -85.214887 
    -0.065017     -0.383138      0.921400    178.854546 

no: 52
     0.995992     -0.089370      0.003570     34.845988 
     0.079684      0.904756      0.418411    -81.053459 
    -0.040623     -0.416449      0.908251    218.969109 

no: 54
     0.996331     -0.084877     -0.011004     32.917634 
     0.079597      0.871660      0.483604    -76.535115 
    -0.031455     -0.482706      0.875218    222.415183 

no: 60
     0.983746     -0.140893      0.111321     49.525344 
     0.049059      0.807255      0.588160    -62.994629 
    -0.172732     -0.573139      0.801046    301.350074 

no: 61
     0.998992     -0.042206     -0.015300     24.494525 
     0.040481      0.699535      0.713451    -40.298829 
    -0.019409     -0.713351      0.700538    301.164372 

no: 62
     0.945937     -0.272741     -0.175545     75.008462 
     0.013476      0.573800     -0.818885    -13.237189 
     0.324071      0.772247      0.546454    -11.177117 

no: 63
     0.996503     -0.053091     -0.064522     29.587432 
     0.082338      0.755326      0.650156    -67.126332 
     0.014217     -0.653195      0.757056    309.855247 

no: 65
     0.998701     -0.046966     -0.019783     28.354578 
     0.050678      0.874287      0.482757    -71.447688 
    -0.005377     -0.483133      0.875531    251.311207 

no: 74
     0.980878     -0.128328     -0.146325     76.857819 
     0.075350      0.943590     -0.322430    -50.091698 
     0.179448      0.305238      0.935215     -5.095284 

no: 78
     0.984606     -0.144753     -0.097964     70.237045 
     0.084258      0.884139     -0.459563    -25.065200 
     0.153137      0.444234      0.882726    -26.965604 

no: 81
     0.988251     -0.131652     -0.077637     65.962355 
     0.078699      0.873774     -0.479923    -23.939474 
     0.131020      0.468174      0.873869    -24.188120 

no: 84
     0.991433     -0.127954     -0.026221     66.747930 
     0.103938      0.894467     -0.434885    -38.776736 
     0.079099      0.428435      0.900104     -0.309984 

no: 87
     0.989945     -0.129351      0.057248     67.140339 
     0.139805      0.956308     -0.256769    -67.957779 
    -0.021534      0.262191      0.964776     73.103870 

no: 89
     0.981772     -0.123627      0.144363     70.153202 
     0.159671      0.948491     -0.273624    -76.210744 
    -0.103099      0.291687      0.950941     88.310394 

no: 93
     0.934702     -0.154352      0.320169     94.375250 
     0.192226      0.977208     -0.090077   -100.165019 
    -0.298968      0.145739      0.943069    160.544197 

no: 96
     0.900646     -0.176881      0.396925    101.869323 
     0.240020      0.963924     -0.115068   -118.798768 
    -0.362252      0.198905      0.910610    188.740850 

no: 98
     0.885599     -0.181213      0.427640    107.230225 
     0.247073      0.963465     -0.103395   -120.152397 
    -0.393280      0.197225      0.898016    184.661730 

no: 104
     0.861991     -0.201522      0.465146    116.669500 
     0.261816      0.962712     -0.068097   -118.555696 
    -0.434078      0.180482      0.882611    198.636943 

no: 105
     0.871413     -0.187673      0.453231    111.532677 
     0.257354      0.961468     -0.096683   -117.293582 
    -0.417623      0.200892      0.886134    188.010052 

no: 106
     0.882573     -0.179411      0.434600    105.165326 
     0.248186      0.962837     -0.106532   -116.705005 
    -0.399336      0.201884      0.894301    192.480901 

no: 110
     0.965463     -0.157789      0.207327     75.940101 
     0.176103      0.981665     -0.072952   -106.849042 
    -0.192015      0.106943      0.975548    156.212679 

no: 113
     0.993768     -0.106484      0.032971     58.501308 
     0.107893      0.993170     -0.044401    -93.461455 
    -0.028018      0.047682      0.998470    121.139231 

no: 115
     0.982259     -0.074894     -0.171927     53.656898 
     0.062659      0.995173     -0.075524    -83.503556 
     0.176753      0.063412      0.982210     63.625436 

no: 116
     0.928957     -0.110692     -0.353250     80.708598 
     0.049664      0.982887     -0.177387    -78.386686 
     0.366841      0.147241      0.918558    -36.121693 

no: 118
     0.923880     -0.125498     -0.361519     82.268243 
     0.010713      0.952810     -0.303379    -59.833860 
     0.382533      0.276413      0.881626    -71.321978 

no: 121
     0.868937     -0.070846     -0.489825     81.756211 
    -0.020037      0.983854     -0.177846    -54.352697 
     0.494516      0.164352      0.853488    -22.430896 

no: 122
     0.943037     -0.010575      0.332519     38.544958 
    -0.068233      0.972100      0.224425    -33.281040 
    -0.325614     -0.234330      0.916005    351.200335 

no: 124
     0.916828     -0.099782     -0.386612    103.519823 
     0.028717      0.982242     -0.185409    -56.213722 
     0.398247      0.158886      0.903413   -272.908415 

no: 126
     0.948531     -0.103111     -0.299428     87.410250 
     0.064058      0.988435     -0.137454    -73.964512 
     0.310138      0.111199      0.944166   -222.688182 

no: 133
     0.988422     -0.140052      0.058372     79.014598 
     0.147258      0.978171     -0.146616    -97.201152 
    -0.036564      0.153514      0.987470    -53.195235 

no: 134
     0.974048     -0.162746      0.157305     86.781184 
     0.158282      0.986560      0.040582   -100.825408 
    -0.161795     -0.014630      0.986716      6.291671 

no: 137
     0.954982     -0.208395      0.211142     93.514496 
     0.186800      0.975317      0.117739   -103.376643 
    -0.230467     -0.072997      0.970338     74.469923 

no: 146
     0.900216     -0.270780      0.341011    125.301229 
     0.227158      0.960161      0.162755   -113.342205 
    -0.371496     -0.069052      0.925863    191.950665 

no: 147
     0.893914     -0.279503      0.350422    128.481263 
     0.228024      0.956620      0.181338   -113.064724 
    -0.385905     -0.082196      0.918869    203.026320 

no: 148
     0.895275     -0.288937      0.339112    129.315571 
     0.230592      0.951810      0.202202   -113.626518 
    -0.381194     -0.102830      0.918758    215.265392 

no: 149
     0.871131     -0.304161      0.385509    139.815932 
     0.224988      0.945043      0.237222   -113.420271 
    -0.436476     -0.119917      0.891689    249.320627 

