no: 1
     1.000000     -0.000000      0.000000     -0.000000 
    -0.000000      1.000000     -0.000000      0.000000 
     0.000000     -0.000000      1.000000      0.000000 

no: 2
     0.991124     -0.000214      0.132944    -12.481470 
    -0.012014      0.995763      0.091169      1.817822 
    -0.132400     -0.091957      0.986921     82.157214 

no: 5
     0.921518      0.009213     -0.388225    -31.064375 
    -0.094197      0.975165     -0.200449     23.918525 
     0.376737      0.221287      0.899501   -138.783176 

no: 11
     0.987238      0.154846     -0.037207   -343.608383 
    -0.159245      0.962216     -0.220864    130.003695 
     0.001601      0.223970      0.974595   -131.198792 

no: 12
     0.987466      0.150492     -0.047569   -345.046236 
    -0.157302      0.963052     -0.218603    130.989135 
     0.012914      0.223345      0.974654   -130.097036 

no: 16
     0.953600      0.203496     -0.221893   -351.980370 
    -0.161252      0.967584      0.194370    142.489611 
     0.254254     -0.149570      0.955502    -99.708632 

no: 23
     0.946993      0.132539     -0.292639   -311.451024 
    -0.110330      0.989701      0.091211    145.804884 
     0.301714     -0.054089      0.951863   -259.686688 

no: 24
     0.972024      0.132166     -0.194170   -309.736850 
    -0.117012      0.989260      0.087596    147.788527 
     0.203662     -0.062425      0.977049   -281.845107 

no: 33
     0.961433      0.138048     -0.237887   -289.640614 
    -0.104077      0.983204      0.149928    113.496774 
     0.254589     -0.119387      0.959652   -425.632856 

no: 34
     0.990314      0.091319     -0.104591   -278.734533 
    -0.102268      0.989242     -0.104602    112.078709 
     0.093913      0.114285      0.988999   -449.782012 

no: 35
     0.969862      0.124569     -0.209405   -279.794876 
    -0.097629      0.986101      0.134434    113.818386 
     0.223241     -0.109938      0.968544   -409.374598 

no: 42
     0.979977      0.061798     -0.189279   -259.171177 
    -0.066765      0.997569     -0.019974    120.776792 
     0.187584      0.032211      0.981720   -426.779258 

no: 48
     0.901506      0.107878     -0.419105   -202.400512 
    -0.121125      0.992625     -0.005039    107.494840 
     0.415470      0.055307      0.907924   -293.651293 

no: 50
     0.882956      0.160418     -0.441197   -224.259932 
    -0.218022      0.972429     -0.082750    128.129166 
     0.415758      0.169255      0.893587   -251.479209 

no: 52
     0.803689      0.162205     -0.572515   -201.431224 
    -0.196418      0.980518      0.002072    113.696149 
     0.561697      0.110787      0.819892   -296.702621 

no: 60
     0.998635      0.048968     -0.018185   -266.325535 
    -0.045765      0.988031      0.147310    106.686705 
     0.025180     -0.146277      0.988923   -223.880458 

no: 61
     0.999238      0.018241      0.034505   -250.252804 
    -0.021356      0.995513      0.092186     88.176055 
    -0.032668     -0.092852      0.995144   -220.283412 

no: 62
     0.994932      0.009168      0.100134   -241.735993 
    -0.022901      0.990324      0.136873     81.979361 
    -0.097910     -0.138472      0.985515   -205.854051 

no: 63
     0.992255     -0.006920      0.124024   -232.648127 
    -0.013487      0.986542      0.162948     76.068411 
    -0.123483     -0.163359      0.978808   -183.944840 

no: 76
     0.996767      0.051407     -0.061748   -189.827137 
    -0.006106      0.814765      0.579759    160.542021 
     0.080114     -0.577508      0.812445    -53.709572 

no: 79
     0.991570      0.088389     -0.094740   -243.410926 
    -0.010031      0.781362      0.623998    160.976635 
     0.129181     -0.617787      0.775662     35.956654 

no: 82
     0.992275      0.083891     -0.091396   -264.055773 
    -0.009885      0.787830      0.615814    170.917674 
     0.123666     -0.610153      0.782573      1.185852 

no: 88
     0.994592      0.060856     -0.084160   -274.266718 
    -0.030806      0.946737      0.320531    175.904397 
     0.099184     -0.316205      0.943492   -366.788134 

no: 98
     0.997566      0.044321     -0.053829   -258.633953 
    -0.046196      0.998350     -0.034114    128.666990 
     0.052228      0.036517      0.997967   -580.854936 

no: 99
     0.998650      0.024957      0.045549   -266.006444 
    -0.026690      0.998927      0.037839    130.755597 
    -0.044556     -0.039004      0.998245   -535.194577 

no: 109
     0.847845      0.170567     -0.502061   -136.658057 
    -0.267857      0.954929     -0.127916    213.921793 
     0.457614      0.242933      0.855320   -421.443510 

no: 110
     0.813126      0.160323     -0.559573   -128.491135 
    -0.269812      0.955622     -0.118274    202.565208 
     0.515778      0.247151      0.820298   -399.112158 

no: 125
     0.788190      0.165880     -0.592655   -114.765236 
    -0.269167      0.958918     -0.089579    212.545745 
     0.553449      0.230128      0.800460   -356.621402 

no: 126
     0.734690      0.154569     -0.660560    -95.417711 
    -0.294512      0.949828     -0.105306    215.212953 
     0.611142      0.271910      0.743351   -405.463255 

no: 129
     0.750252      0.232041     -0.619096   -131.563916 
    -0.222240      0.970412      0.094394    175.102475 
     0.622681      0.066769      0.779622   -250.088270 

no: 130
     0.745785      0.238313     -0.622103   -132.254536 
    -0.246800      0.966216      0.074268    180.073968 
     0.618785      0.098147      0.779405   -232.894579 

no: 134
     0.838676      0.230189     -0.493594   -182.696244 
    -0.117054      0.961297      0.249413    148.451241 
     0.531903     -0.151399      0.833161    -90.356073 

no: 138
     0.901392      0.167200     -0.399420   -202.293308 
    -0.068352      0.965819      0.250045    155.348129 
     0.427574     -0.198087      0.882010   -146.296541 

no: 143
     0.958385      0.174765     -0.225733   -258.699703 
    -0.087515      0.932503      0.350397    175.886023 
     0.271734     -0.316061      0.908992   -360.343425 

no: 144
     0.960849      0.167267     -0.220885   -256.841457 
    -0.078365      0.928723      0.362397    169.309820 
     0.265758     -0.330899      0.905471   -370.080819 

no: 145
     0.934104      0.195236     -0.298885   -256.270748 
    -0.070399      0.921508      0.381924    164.950445 
     0.349990     -0.335716      0.874529   -388.039979 

no: 148
     0.939714      0.168943     -0.297315   -246.311236 
    -0.061070      0.938373      0.340187    143.167259 
     0.336465     -0.301521      0.892119   -397.613912 

no: 149
     0.945280      0.165420     -0.281216   -244.201969 
    -0.057715      0.933125      0.354891    145.514622 
     0.321115     -0.319241      0.891611   -389.819884 

